flightHeight:66.25
1100 1031 1181 1205 1261 1168 1180 994 SUV 0 65.36
588 1020 759 1155 817 1083 646 948 SUV 0 38.38
289 1295 97 1303 100 1390 292 1382 SUV 0 177.6
1155 1278 1176 1372 1216 1363 1195 1269 MotorCycle 0 77.38
918 1215 1033 1384 1105 1336 990 1167 Sedan 0 55.7
344 660 546 660 546 560 344 560 SUV 0 360.0
1918 1061 1949 987 1921 976 1890 1050 MotorCycle 0 292.2
1885 932 2055 827 2006 749 1836 854 SUV 0 328.02
2922 967 2824 971 2825 1002 2923 998 MotorCycle 0 177.66
3160 2020 3256 2014 3253 1977 3157 1983 MotorCycle 0 356.38
591 875 807 940 834 854 618 789 Sedan 0 16.94
1501 1503 1585 1295 1494 1258 1410 1466 SUV 0 291.76
1708 1277 1805 1097 1725 1054 1628 1234 Sedan 0 298.32
848 986 1017 1162 1087 1095 918 919 SUV 0 46.28
3146 758 2918 786 2929 881 3157 853 SUV 0 173.0
2471 1590 2371 1608 2416 1807 2515 1789 Sedan 0 90.0
2854 1521 2855 1756 2964 1744 2963 1509 Sedan 0 280.0
2730 1513 2731 1713 2841 1701 2839 1501 SUV 0 275.0
3011 1477 3046 1698 3159 1680 3123 1459 SUV 0 270.0
3322 1582 3339 1769 3449 1754 3432 1567 SUV 0 270.0
2611 1546 2624 1629 2664 1623 2651 1539 MotorCycle 0 265.0
2680 1619 2646 1625 2661 1706 2695 1700 MotorCycle 0 265.0
2694 1539 2663 1544 2678 1629 2709 1624 MotorCycle 0 265.0
2718 1622 2683 1628 2703 1714 2738 1708 MotorCycle 0 265.0
3721 1562 3676 1571 3703 1670 3748 1661 MotorCycle 0 270.0
3655 1581 3618 1587 3631 1670 3669 1664 MotorCycle 0 270.0
3615 1574 3575 1581 3591 1667 3631 1660 MotorCycle 0 270.0
3573 1595 3530 1603 3552 1694 3595 1686 MotorCycle 0 260.0
3489 1604 3488 1694 3526 1690 3527 1600 MotorCycle 0 270.0
3448 1590 3447 1686 3486 1682 3488 1586 MotorCycle 0 270.0
2585 1519 2487 1536 2527 1748 2625 1731 SUV 0 90.0
1384 1295 1380 1393 1421 1395 1426 1297 MotorCycle 0 92.89
3095 269 3187 260 3183 220 3091 229 MotorCycle 0 354.1
2029 1157 1936 1183 1947 1224 2040 1199 MotorCycle 0 164.9
873 829 1057 941 1103 865 920 753 SUV 0 31.51
2112 2053 1937 2014 1917 2101 2093 2140 SUV 0 192.6
296 2084 394 2061 383 2015 285 2038 MotorCycle 0 346.55
3303 1023 3204 1045 3214 1090 3313 1069 MotorCycle 0 167.8
2506 2122 2418 2118 2416 2159 2504 2159 MotorCycle 1 182.6
752 705 1555 653 1545 498 742 550 Tanker 0 356.31
963 1426 1017 1500 1052 1475 998 1401 MotorCycle 0 53.9
1240 1628 1274 1714 1307 1701 1273 1615 MotorCycle 0 68.2
1332 1656 1359 1740 1398 1727 1371 1644 MotorCycle 0 72.18
780 1309 836 1381 869 1355 812 1283 MotorCycle 0 51.7
303 898 279 754 0 799 0 947 Truck 1 350.7
26 774 250 741 235 641 11 674 SUV 0 351.54
3512 771 3263 816 3281 915 3530 870 SUV 0 169.7
22 633 136 625 133 587 19 596 MotorCycle 0 355.73
3608 907 3510 922 3516 959 3614 944 MotorCycle 0 171.5
1889 1578 1823 1741 1899 1772 1966 1609 Van 0 112.1
2226 799 2347 744 2319 681 2198 736 AutoRicksaw 0 335.65
